OBES0001    3181011145    7341038    12
OBES0002    1062303852    7296368    8
OBES0003    4006534734    5230759    2
OBES0004    1062303638    3072468    11
OBES0005    3258300812    2488602    5
OBES0006    3177923314    2490137    11
OBES0007    1891025336    9598458    11
OBES0008    3248358720    2478122    12
OBES0009    1062304279    2968237    3
OBES0010    3300295865    2480720    20
OBES0011    3177923314    2490137    9
OBES0012    3182157489    2481084    16
OBES0013    935686667    2492082    15
OBES0014    3258911500    5959228    10
OBES0015    1062304002    7608475    10
OBES0016    1253920813    8054047    2
OBES0017    1699605788    2338858    17
OBES0018    3394056697    10874246    13
OBES0019    1062303696    10289996    6
OBES0020    657385326    2429137    14
OBES0021    3642794320    2480951    17
OBES0022    657388227    5216636    1
OBES0023    3468333848    7322182    4
OBES0024    657386279    5218021    20
OBES0025    1375138451    5789280    10
OBES0026    2124628791    2486467    1
OBES0027    1791469914    2483531    7
OBES0028    1791478351    2497011    16
OBES0029    4384508313    5231162    16
OBES0030    1338802684    2490519    19
OBES0031    1196543525    2496210    18
OBES0032    4339366221    5230759    2
OBES0033    1377268254    2496647    14
OBES0034    4231927319    2493744    20
OBES0035    4321397493    5229832    4
OBES0036    3859391878    9377161    16
OBES0037    657388276    5216636    9
OBES0038    4383821194    2493744    15
OBES0039    3593079511    9105847    9
OBES0040    2176040233    2489177    13
OBES0041    2165009886    2493957    17
OBES0042    1932207977    5230680    7
OBES0043    2709635702    9376700    14
OBES0044    2113131685    5230649    4
OBES0045    2066508938    2483822    14
OBES0046    3581909777    7342083    9
OBES0047    4131565316    4011320    19
OBES0048    2068860638    2488106    7
OBES0049    2108214341    11144039    1
OBES0050    2714425759    2477033    12
OBES0051    1934703265    3866257    2
OBES0052    3243221417    7341947    4
OBES0053    1932208547    2493788    3
OBES0054    2072578158    5230603    5
OBES0055    1764693251    2489177    12
OBES0056    2054285015    2483172    13
OBES0057    1932208380    2481816    15
OBES0058    3450186640    7341834    19
OBES0059    1099338309    3862377    12
OBES0060    3450183890    3105073    14
OBES0061    3450184357    3105061    6
OBES0062    3450183537    3105073    11
OBES0063    781038351    5290083    3
OBES0064    3450183461    3105061    12
OBES0065    3450183100    3105061    12
OBES0066    1890934514    3112142    13
OBES0067    1801413566    1092730    4
OBES0068    2656219349    2490136    3
OBES0069    3450183305    3105061    7
OBES0070    2515521031    4172779    8
OBES0071    3450183861    3105073    14
OBES0072    3450182732    3105061    10
OBES0073    3450183379    3105061    16
OBES0074    1318548750    3105109    2
OBES0075    3450184423    3105061    11
OBES0076    3450185472    3105073    2
OBES0077    3510141113    5231103    4
OBES0078    3206111405    2495858    14
OBES0079    4453953945    5566998    6
OBES0080    1257488766    5684715    19
OBES0081    1257487871    4055859    13
OBES0082    986399439    2597761    12
OBES0083    1257487787    4055859    2
OBES0084    1257487923    3613935    1
OBES0085    1257488423    8376201    4
OBES0086    2243141989    2491197    17
OBES0087    986398764    9630100    19
OBES0088    1257486061    8376201    17
OBES0089    1051526780    2425718    11
OBES0090    1257487931    2914207    14
OBES0091    3467698370    3129545    12
OBES0092    1257491482    2754176    16
OBES0093    1257486864    5566393    7
OBES0094    1257486036    7785474    3
OBES0095    1932174958    2489208    16
OBES0096    1257486384    7322867    2
OBES0097    1932170244    2483914    15
OBES0098    2243142704    5231103    7
OBES0099    4156572359    2486368    6
OBES0100    2243553015    2497365    3
OBES0101    962763380    2489837    5
OBES0102    4385548746    2479901    3
OBES0103    2121202693    2482224    19
OBES0104    2189964860    2491741    3
OBES0105    3157741276    2490848    14
OBES0106    2725390869    5231103    19
OBES0107    963077394    5231647    19
OBES0108    3118582323    2440899    7
OBES0109    1406994574    6101211    13
OBES0110    1201668493    5229662    12
OBES0111    1932170032    2496287    1
OBES0112    4254212936    2490848    19
OBES0113    2700698628    9436876    2
OBES0114    943721544    2488602    18
OBES0115    1384726518    2490033    7
OBES0116    2229910338    2483936    3
OBES0117    1932164057    2481942    9
OBES0118    2682686389    2483612    11
OBES0119    3118582350    5220122    11
OBES0120    1707666195    2433192    20
OBES0121    2301952668    6893780    11
OBES0122    1054244406    5349322    16
OBES0123    4453948600    7999386    19
OBES0124    1707666558    2433194    3
OBES0125    1038607590    2481942    14
OBES0126    1890967372    4082281    20
OBES0127    1314997860    2425253    15
OBES0128    1054245699    8338389    18
OBES0129    1890933546    9189710    13
OBES0130    4453948600    7999386    7
OBES0131    1932081748    5230942    16
OBES0132    1054244351    7265169    1
OBES0133    2574257856    2482882    14
OBES0134    1707665941    2433272    10
OBES0135    3330738543    6893780    1
OBES0136    1932084404    2481846    7
OBES0137    1990612845    9784990    15
OBES0138    1707666547    2433165    3
OBES0139    1932086141    2488602    12
OBES0140    1932078329    2491841    8
OBES0141    3459481613    3086528    13
OBES0142    1932078649    2487998    19
OBES0143    1932086550    2491624    11
OBES0144    1932038943    2478125    1
OBES0145    1931980770    5229564    4
OBES0146    1932034581    5230811    14
OBES0147    1932079222    5231459    15
OBES0148    3459478981    3086528    7
OBES0149    1932035116    2484217    20
OBES0150    1931977078    9819034    13
OBES0151    1931977629    2481930    4
OBES0152    1844928925    7300855    17
OBES0153    1932043409    2484103    17
OBES0154    1932034509    2490787    9
OBES0155    1932033272    2487629    14
OBES0156    1932034305    2481930    6
OBES0157    1314945996    5230942    13
OBES0158    3045927910    5175641    3
OBES0159    1932031935    2483490    17
OBES0160    2283950490    1093377    20
OBES0161    3530474281    2481942    6
OBES0162    3978882673    3071783    20
OBES0163    4015530010    2343888    9
OBES0164    3978885504    5962432    7
OBES0165    2283950288    1093377    17
OBES0166    3607101091    5229146    12
OBES0167    2283952758    2433192    5
OBES0168    3978882599    5545128    20
OBES0169    3978882327    2493744    5
OBES0170    3978885995    2477436    20
OBES0171    3978885330    8953936    10
OBES0172    2283951421    1093377    20
OBES0173    2283951804    1093377    2
OBES0174    3527725577    2480951    2
OBES0175    3561205101    2480790    10
OBES0176    3978884505    2481006    8
OBES0177    3978886267    7304294    20
OBES0178    3295104535    2495858    19
OBES0180    3387422963    1930621    5
OBES0181    1228525899    4187211    6
OBES0182    2609673494    2483402    1
OBES0183    3387422663    5128034    9
OBES0184    2235872655    4171081    13
OBES0185    3387421581    5130528    1
OBES0186    3387422214    1919656    19
OBES0187    1707555120    2760702    17
OBES0188    3946223274    4185986    11
OBES0189    1936355604    5308859    1
OBES0190    1934684372    3108061    9
OBES0191    1147205763    2485362    13
OBES0192    3387422511    1938199    7
OBES0193    3387421821    5128433    9
OBES0194    1147305329    5289310    7
OBES0195    1212462266    2489177    12
OBES0196    930767778    10677468    11
OBES0197    3387421686    1908258    14
OBES0198    3387422416    5132003    6
OBES0199    1212461831    7415507    9
OBES0200    2993587812    5842775    8
OBES0201    3422449069    5209135    2
OBES0202    1395909530    2480726    11
OBES0203    2013910206    5969864    6
OBES0204    3447120297    5184766    16
OBES0205    3422437972    5209721    12
OBES0206    3053838676    2374663    1
OBES0207    44924569    8997374    8
OBES0208    3447199414    2260542    6
OBES0209    2993613118    2398772    15
OBES0211    3447127389    5184766    4
OBES0213    3422440185    2398772    1
OBES0214    2993587975    5842758    1
OBES0216    3004129353    2481225    15
OBES0217    3447133395    2260542    12
OBES0218    3422449119    2389031    11
OBES0220    2332649677    4311601    3
OBES0221    2332649763    6516394    4
OBES0222    923928089    5034771    1
OBES0223    1055067237    1314142    13
OBES0224    1932117956    5229361    9
OBES0225    1932118319    2480824    17
OBES0226    3072598872    4311601    8
OBES0227    3072598714    4311601    4
OBES0228    1318084549    2398672    15
OBES0229    1055067684    5035364    4
OBES0231    3072598744    4311750    6
OBES0232    3072598499    4311601    8
OBES0233    1932118059    2489985    14
OBES0234    1932118183    5229662    1
OBES0235    1055066069    1340577    11
OBES0236    1055069459    12335869    18
OBES0237    1065259729    10738988    9
OBES0238    2332649914    5189971    20
OBES0239    3072598515    4382546    3
